# unix_time, cycles_done, cur_path, paths_total, pending_total, pending_favs, map_size, unique_crashes, unique_hangs, max_depth, execs_per_sec, total_execs
1647697452, 0, 0, 1, 1, 0, 0.00%, 0, 0, 1, 1000.00, 1
1647697457, 1301519, 0, 1, 1, 0, 0.00%, 0, 0, 1, 0.00, 3
1647697463, 2619705, 0, 1, 1, 0, 0.00%, 0, 0, 1, 0.00, 3
1647697468, 3925822, 0, 1, 1, 0, 0.00%, 0, 0, 1, 0.00, 3
1647697473, 5232525, 0, 1, 1, 0, 0.00%, 0, 0, 1, 0.00, 3
1647697478, 6485025, 0, 1, 1, 0, 0.00%, 0, 0, 1, 0.00, 3
1647697483, 7788190, 0, 1, 1, 0, 0.00%, 0, 0, 1, 0.00, 3
1647697489, 9089357, 0, 1, 1, 0, 0.00%, 0, 0, 1, 0.00, 3
1647697494, 10391147, 0, 1, 1, 0, 0.00%, 0, 0, 1, 0.00, 3
1647697499, 11694315, 0, 1, 1, 0, 0.00%, 0, 0, 1, 0.00, 3
1647697504, 12972591, 0, 1, 1, 0, 0.00%, 0, 0, 1, 0.00, 3
1647697509, 14206856, 0, 1, 1, 0, 0.00%, 0, 0, 1, 0.00, 3
1647697515, 15493956, 0, 1, 1, 0, 0.00%, 0, 0, 1, 0.00, 3
1647697520, 16738535, 0, 1, 1, 0, 0.00%, 0, 0, 1, 0.00, 3
1647697525, 18043080, 0, 1, 1, 0, 0.00%, 0, 0, 1, 0.00, 3
1647697530, 19346030, 0, 1, 1, 0, 0.00%, 0, 0, 1, 0.00, 3
1647697535, 20659473, 0, 1, 1, 0, 0.00%, 0, 0, 1, 0.00, 3
1647697541, 21956748, 0, 1, 1, 0, 0.00%, 0, 0, 1, 0.00, 3
1647697546, 23260880, 0, 1, 1, 0, 0.00%, 0, 0, 1, 0.00, 3
